[VERSION]
Num = 1
[1f5b8b]
Flag = 1 0 0 0 1 0 0 0 0 0 0 0 0 0 0 0 
[206ed6]
Flag = 1 0 0 1 0 0 0 0 0 0 0 0 0 0 0 0 
[2387ae]
Flag = 1 0 0 0 0 0 0 0 0 0 0 0 0 0 0 0 
[22e281]
Flag = 1 0 0 0 0 0 0 0 0 0 0 0 0 0 0 0 
[22ed84]
Flag = 1 0 0 0 0 0 0 0 0 0 0 0 0 0 0 0 
[4dd033]
Flag = 1 0 0 0 0 0 0 0 0 0 0 0 0 0 0 0 
[24bc02]
Flag = 1 0 0 0 0 0 0 0 0 0 0 0 0 0 0 0 
[24c705]
Flag = 1 0 0 0 0 0 0 0 0 0 0 0 0 0 0 0 
[284dfb]
Flag = 1 0 0 0 0 0 0 0 0 0 0 0 0 0 0 0 
[2b0ebb]
Flag = 1 0 0 0 0 0 0 0 0 0 0 0 0 0 0 0 
[2b19be]
Flag = 1 0 0 0 0 0 0 0 0 0 0 0 0 0 0 0 
[2fbf02]
Flag = 1 1 0 0 0 0 0 0 0 0 0 0 0 0 0 0 
[3232ad]
Flag = 1 0 0 0 0 0 0 0 0 0 0 0 0 0 0 0 
[368adc]
Flag = 1 0 0 0 0 1 0 0 0 0 0 0 0 0 0 0 
[4dba2d]
Flag = 1 0 0 0 0 1 0 0 0 0 0 0 0 0 0 0 
[3b3020]
Flag = 1 0 0 0 0 0 0 0 0 0 0 0 0 0 0 0 
[3beb53]
Flag = 1 0 0 0 1 0 0 0 0 0 0 0 0 0 0 0 
[498307]
Flag = 1 0 0 0 1 0 0 0 0 0 0 0 0 0 0 0 
[5c702f]
Flag = 1 0 0 0 0 1 0 0 0 0 0 0 0 0 0 0 
[458df3]
Flag = 1 0 1 0 0 0 0 0 0 0 0 0 0 0 0 0 
[45a3f9]
Flag = 1 1 1 0 0 0 0 0 0 0 0 0 0 0 0 0 
[48a6cb]
Flag = 1 0 0 0 0 0 0 0 0 0 0 0 0 0 0 0 
[4f72a5]
Flag = 1 1 0 0 0 0 0 0 0 0 0 0 0 0 0 0 
[4f7da8]
Flag = 1 1 0 0 0 0 0 0 0 0 0 0 0 0 0 0 
[528b7d]
Flag = 1 0 0 0 0 0 0 0 0 0 0 0 0 0 0 0 
[55fc6d]
Flag = 1 0 0 1 0 0 0 0 0 0 0 0 0 0 0 0 
[fffff4fd]
Flag = 1 0 0 0 0 0 0 0 0 0 0 0 0 0 0 0 
[58a727]
Flag = 1 0 0 0 0 0 0 0 0 0 0 0 0 0 0 0 5 
[58c830]
Flag = 1 0 0 0 0 0 0 0 0 0 0 0 0 0 0 0 
[5f8907]
Flag = 1 0 0 0 0 0 1 0 0 0 0 0 0 0 0 0 
[7c23d2]
Flag = 1 0 0 0 0 0 0 0 0 0 0 0 0 0 0 0 
[8305b2]
Flag = 1 0 0 0 0 0 0 0 0 0 0 0 0 0 0 0 
[8331be]
Flag = 1 0 0 0 0 0 0 0 0 0 0 0 0 0 0 0 
[861387]
Flag = 1 0 0 0 1 0 0 0 0 0 0 0 0 0 0 0 5 
[863f93]
Flag = 1 1 0 0 0 0 0 0 0 0 0 0 0 0 0 0 5 
[866b9f]
Flag = 1 0 0 0 0 0 0 0 0 0 0 0 0 0 0 0 
[8681a5]
Flag = 1 0 0 0 0 0 0 0 0 0 0 0 0 0 0 0 
[8697ab]
Flag = 1 0 0 0 0 0 0 0 0 0 0 0 0 0 0 0 
[86adb1]
Flag = 1 0 0 0 0 0 0 0 0 0 0 0 0 0 0 0 
[86c3b7]
Flag = 1 0 0 0 0 0 0 0 0 0 0 0 0 0 0 0 
[8dc6a0]
Flag = 1 0 0 0 1 0 0 0 0 0 0 0 0 0 0 0 
[93c141]
Flag = 1 1 0 0 0 0 0 0 0 0 0 0 0 0 0 0 
[94927a]
Flag = 1 0 1 0 0 0 0 0 0 0 0 0 0 0 0 0 5 
[94be86]
Flag = 1 0 0 0 0 0 0 0 0 0 0 0 0 0 0 0 
[94d48c]
Flag = 1 0 0 0 0 0 0 0 0 0 0 0 0 0 0 0 
[94df8f]
Flag = 1 0 0 0 0 0 0 0 0 0 0 0 0 0 0 0 
[94ea92]
Flag = 1 0 0 0 0 0 0 0 0 0 0 0 0 0 0 0 
[94f595]
Flag = 1 0 0 0 0 0 0 0 0 0 0 0 0 0 0 0 
[9afb39]
Flag = 1 0 0 0 0 0 0 0 0 0 0 0 0 0 0 0 
[9d58de]
Flag = 1 0 0 0 0 0 0 1 1 0 0 0 0 0 0 0 
[3206a1]
Flag = 1 0 0 0 0 0 0 0 0 0 0 0 0 0 0 0 
[2392b1]
Flag = 1 0 0 0 0 0 0 0 0 0 0 0 0 0 0 0 
[2a3d82]
Flag = 1 0 0 0 0 0 0 0 0 0 0 0 0 0 0 0 
[35c4a6]
Flag = 1 0 0 0 0 0 0 0 0 0 0 0 0 0 0 0 
[389069]
Flag = 1 1 0 0 0 0 0 0 0 0 0 0 0 0 0 0 
[438866]
Flag = 1 0 0 0 0 0 0 0 0 0 0 0 0 0 0 0 
[2d986c]
Flag = 2 0 0 0 0 0 0 0 0 0 0 0 0 0 0 0 
[5d155c]
Flag = 2 0 0 0 0 0 0 0 0 0 0 0 0 0 0 0 
[6c8691]
Flag = 2 0 0 0 0 0 0 0 0 0 0 0 0 0 0 0 
[fffff4fd]
Flag = 2 0 0 0 0 0 0 0 0 0 0 0 0 0 0 0 
[71e708]
Flag = 2 0 0 0 0 0 0 0 0 0 0 0 0 0 0 0 5 
[721314]
Flag = 2 0 0 0 0 0 0 0 0 0 0 0 0 0 0 0 
[72341d]
Flag = 2 0 0 0 0 0 0 0 0 0 0 0 0 0 0 0 
[724a23]
Flag = 2 0 0 0 0 0 0 0 0 0 0 0 0 0 0 0 
[725526]
Flag = 2 0 0 0 0 0 0 0 0 0 0 0 0 0 0 0 
[726029]
Flag = 2 0 0 0 0 0 0 0 0 0 0 0 0 0 0 0 
[6d99dc]
Flag = 2 0 0 0 1 0 0 0 0 0 0 0 0 0 0 0 
[6d83d6]
Flag = 2 0 0 0 0 0 0 0 0 0 0 0 0 0 0 0 
[7a6057]
Flag = 2 0 0 0 0 0 0 0 0 0 0 0 0 0 0 0 
[847115]
Flag = 2 0 0 0 0 0 0 0 0 0 0 0 0 0 0 0 
[4dc53]
Flag = 4 0 0 0 0 0 0 0 0 0 0 0 0 0 0 0 
[4f259]
Flag = 4 0 0 0 0 0 0 0 0 0 0 0 0 0 0 0 
[5085f]
Flag = 4 0 0 0 0 0 0 0 0 0 0 0 0 0 0 0 
[51e65]
Flag = 4 0 0 0 0 0 0 0 0 0 0 0 0 0 0 0 
[5346b]
Flag = 4 0 0 0 0 0 0 0 0 0 0 0 0 0 0 0 
[694cb]
Flag = 4 0 0 0 0 0 0 0 0 0 0 0 0 0 0 0 
[5ad8c]
Flag = 4 0 0 0 0 0 0 0 0 0 0 0 0 0 0 0 
[610a7]
Flag = 4 0 0 0 0 0 0 0 0 0 0 0 0 0 0 0 
[6b5d4]
Flag = 4 0 0 0 0 0 0 0 0 0 0 0 0 0 0 0 
[4a072b]
Flag = 8 0 0 1 0 0 0 0 0 0 0 0 0 0 0 0 
[b05109]
Flag = 32 0 0 0 0 0 0 0 0 0 0 0 0 0 0 1 
[6fc072]
Flag = 16 0 0 0 0 0 0 0 0 0 0 0 0 0 0 0 
[70659f]
Flag = 16 0 0 0 0 1 0 0 0 0 0 0 0 0 0 0 
[70d3bd]
Flag = 16 0 0 0 0 0 0 0 0 0 0 0 0 0 0 0 
[6fe17b]
Flag = 16 0 0 0 1 0 0 0 0 0 0 0 0 0 0 0 
[70b2b4]
Flag = 16 0 0 0 0 0 0 0 0 0 0 0 0 0 0 0 
[88030e]
Flag = 16 0 0 0 0 0 0 0 0 0 0 0 0 0 0 0 
[9f1156]
Flag = 16 0 0 0 0 0 0 0 0 0 0 0 0 0 0 0 
[9f325f]
Flag = 16 0 0 0 0 0 0 0 0 0 0 0 0 0 0 0 
[a9a638]
Flag = 16 1 0 0 0 0 0 0 0 0 0 0 0 0 0 0 
